# Made in Blockbench 4.2.3
mtllib kinetic_cannon_1_medium.mtl

o cube
v -1.0894291116568842 0.19999999999999998 1.2308504678941934
v -1.3192388155425119 0.19999999999999996 1.4606601717798213
v -1.0894291116568842 -4.7218815425379855e-17 1.2308504678941934
v -1.3192388155425119 -5.887626457001528e-17 1.4606601717798213
v -1.1778174593052024 0.19999999999999993 1.6020815280171306
v -0.9480077554195745 0.19999999999999996 1.372271824131503
v -1.1778174593052024 -7.619538569472515e-17 1.6020815280171306
v -0.9480077554195745 -6.453793655008973e-17 1.372271824131503
vt 0.34375 0.2109375
vt 0.35546875 0.2109375
vt 0.35546875 0.19921875
vt 0.34375 0.19921875
vt 0.7734375 0.40234375
vt 0.79296875 0.40234375
vt 0.79296875 0.390625
vt 0.7734375 0.390625
vt 0.35546875 0.2109375
vt 0.3671875 0.2109375
vt 0.3671875 0.19921875
vt 0.35546875 0.19921875
vt 0.6015625 0.2265625
vt 0.62109375 0.2265625
vt 0.62109375 0.21484375
vt 0.6015625 0.21484375
vt 0.6328125 0.20703125
vt 0.62109375 0.20703125
vt 0.62109375 0.2265625
vt 0.6328125 0.2265625
vt 0.64453125 0.2265625
vt 0.6328125 0.2265625
vt 0.6328125 0.20703125
vt 0.64453125 0.20703125
vn -0.7071067811865476 -3.586907429118598e-17 0.7071067811865475
vn -0.7071067811865475 8.65956056235493e-17 -0.7071067811865476
vn 0.7071067811865476 3.586907429118598e-17 -0.7071067811865475
vn 0.7071067811865475 -8.65956056235493e-17 0.7071067811865476
vn 3.586907429118598e-17 1 8.65956056235493e-17
vn -3.586907429118598e-17 -1 -8.65956056235493e-17
usemtl m_3
f 4/4/1 7/3/1 5/2/1 2/1/1
f 3/8/2 4/7/2 2/6/2 1/5/2
f 8/12/3 3/11/3 1/10/3 6/9/3
f 7/16/4 8/15/4 6/14/4 5/13/4
f 6/20/5 1/19/5 2/18/5 5/17/5
f 7/24/6 4/23/6 3/22/6 8/21/6
o cube
v -1.0750000000000002 0.3 1.2000000000000002
v -1.0750000000000002 0.3 1.4500000000000002
v -1.0750000000000002 -1.5308084989341918e-17 1.2000000000000002
v -1.0750000000000002 -4.5924254968025755e-17 1.4500000000000002
v -0.825 0.3 1.4500000000000002
v -0.825 0.3 1.2000000000000002
v -0.8250000000000001 -7.654042494670958e-17 1.4500000000000002
v -0.8250000000000001 -4.592425496802574e-17 1.2000000000000002
vt 0.3203125 0.2578125
vt 0.3359375 0.2578125
vt 0.3359375 0.23828125
vt 0.3203125 0.23828125
vt 0.7421875 0.67578125
vt 0.7578125 0.67578125
vt 0.7578125 0.65625
vt 0.7421875 0.65625
vt 0.3359375 0.2578125
vt 0.3515625 0.2578125
vt 0.3515625 0.23828125
vt 0.3359375 0.23828125
vt 0.7421875 0.65625
vt 0.7578125 0.65625
vt 0.7578125 0.63671875
vt 0.7421875 0.63671875
vt 0.7734375 0.65625
vt 0.7578125 0.65625
vt 0.7578125 0.671875
vt 0.7734375 0.671875
vt 0.7734375 0.65625
vt 0.7578125 0.65625
vt 0.7578125 0.640625
vt 0.7734375 0.640625
vn -1.4997597826618576e-32 -1.2246467991473532e-16 1
vn -1 1.2246467991473532e-16 0
vn 1.4997597826618576e-32 1.2246467991473532e-16 -1
vn 1 -1.2246467991473532e-16 0
vn 1.2246467991473532e-16 1 1.2246467991473532e-16
vn -1.2246467991473532e-16 -1 -1.2246467991473532e-16
usemtl m_3
f 12/28/7 15/27/7 13/26/7 10/25/7
f 11/32/8 12/31/8 10/30/8 9/29/8
f 16/36/9 11/35/9 9/34/9 14/33/9
f 15/40/10 16/39/10 14/38/10 13/37/10
f 14/44/11 9/43/11 10/42/11 13/41/11
f 15/48/12 12/47/12 11/46/12 16/45/12
o cube
v 0.8250000000000002 0.2999999999999999 1.2000000000000002
v 0.8250000000000002 0.2999999999999999 1.4500000000000002
v 0.8250000000000001 -1.500192328955508e-16 1.2000000000000002
v 0.8250000000000001 -1.8063540287423463e-16 1.4500000000000002
v 1.0750000000000002 0.2999999999999999 1.4500000000000002
v 1.0750000000000002 0.2999999999999999 1.2000000000000002
v 1.0750000000000002 -2.1125157285291844e-16 1.4500000000000002
v 1.0750000000000002 -1.806354028742346e-16 1.2000000000000002
vt 0.3515625 0.2578125
vt 0.3671875 0.2578125
vt 0.3671875 0.23828125
vt 0.3515625 0.23828125
vt 0.7421875 0.63671875
vt 0.7578125 0.63671875
vt 0.7578125 0.6171875
vt 0.7421875 0.6171875
vt 0.7421875 0.6171875
vt 0.7578125 0.6171875
vt 0.7578125 0.59765625
vt 0.7421875 0.59765625
vt 0.38671875 0.2578125
vt 0.40234375 0.2578125
vt 0.40234375 0.23828125
vt 0.38671875 0.23828125
vt 0.7734375 0.59375
vt 0.7578125 0.59375
vt 0.7578125 0.609375
vt 0.7734375 0.609375
vt 0.7734375 0.59375
vt 0.7578125 0.59375
vt 0.7578125 0.578125
vt 0.7734375 0.578125
vn -1.4997597826618576e-32 -1.2246467991473532e-16 1
vn -1 1.2246467991473532e-16 0
vn 1.4997597826618576e-32 1.2246467991473532e-16 -1
vn 1 -1.2246467991473532e-16 0
vn 1.2246467991473532e-16 1 1.2246467991473532e-16
vn -1.2246467991473532e-16 -1 -1.2246467991473532e-16
usemtl m_3
f 20/52/13 23/51/13 21/50/13 18/49/13
f 19/56/14 20/55/14 18/54/14 17/53/14
f 24/60/15 19/59/15 17/58/15 22/57/15
f 23/64/16 24/63/16 22/62/16 21/61/16
f 22/68/17 17/67/17 18/66/17 21/65/17
f 23/72/18 20/71/18 19/70/18 24/69/18
o cube
v -0.7731743175109438 0.7877082562299427 0.9145956737482535
v -1.002813980896867 0.9752082562299427 1.1442353371341765
v -1.0913723690448904 0.008285392823947815 1.2327937252821999
v -1.3210120324308132 0.1957853928239478 1.462433388668123
v -0.8613926246595572 0.9752082562299426 1.285656693371486
v -0.6317529612736342 0.7877082562299426 1.0560170299855631
v -1.1795906761935038 0.19578539282394775 1.6038547449054326
v -0.9499510128075808 0.00828539282394776 1.3742150815195093
vt 0.640625 1
vt 0.65234375 1
vt 0.65234375 0.943359375
vt 0.640625 0.943359375
vt 0.25 0.484375
vt 0.2734375 0.484375
vt 0.2734375 0.427734375
vt 0.25 0.427734375
vt 0.640625 0.7578125
vt 0.65234375 0.7578125
vt 0.65234375 0.701171875
vt 0.640625 0.701171875
vt 0.2734375 0.484375
vt 0.296875 0.484375
vt 0.296875 0.427734375
vt 0.2734375 0.427734375
vt 0.4609375 0.23046875
vt 0.44921875 0.23046875
vt 0.44921875 0.25390625
vt 0.4609375 0.25390625
vt 0.7578125 0.546875
vt 0.74609375 0.546875
vt 0.74609375 0.5234375
vt 0.7578125 0.5234375
vn -0.6123724356957945 0.5 0.6123724356957945
vn -0.7071067811865475 1.1102230246251563e-16 -0.7071067811865476
vn 0.6123724356957945 -0.5 -0.6123724356957945
vn 0.7071067811865475 -1.1102230246251563e-16 0.7071067811865476
vn 0.3535533905932738 0.8660254037844387 -0.35355339059327373
vn -0.3535533905932738 -0.8660254037844387 0.35355339059327373
usemtl m_3
f 28/76/19 31/75/19 29/74/19 26/73/19
f 27/80/20 28/79/20 26/78/20 25/77/20
f 32/84/21 27/83/21 25/82/21 30/81/21
f 31/88/22 32/87/22 30/86/22 29/85/22
f 30/92/23 25/91/23 26/90/23 29/89/23
f 31/96/24 28/95/24 27/94/24 32/93/24
o cube
v -0.8500000000000003 0.25625 -1.2
v 0.8499999999999999 0.25625 -1.2000000000000004
v -0.8500000000000003 0.00625 -1.2
v 0.8499999999999999 0.00625 -1.2000000000000004
v 0.8499999999999998 0.25625 -1.4250000000000003
v -0.8500000000000004 0.25625 -1.4249999999999998
v 0.8499999999999998 0.00625 -1.4250000000000003
v -0.8500000000000004 0.00625 -1.4249999999999998
vt 0.0703125 0.22265625
vt 0.083984375 0.22265625
vt 0.083984375 0.20703125
vt 0.0703125 0.20703125
vt 0.44921875 0.7109375
vt 0.5546875 0.7109375
vt 0.5546875 0.6953125
vt 0.44921875 0.6953125
vt 0.0859375 0.22265625
vt 0.099609375 0.22265625
vt 0.099609375 0.20703125
vt 0.0859375 0.20703125
vt 0.44921875 0.6953125
vt 0.5546875 0.6953125
vt 0.5546875 0.6796875
vt 0.44921875 0.6796875
vt 0.373046875 0.42578125
vt 0.359375 0.42578125
vt 0.359375 0.53125
vt 0.373046875 0.53125
vt 0.388671875 0.53125
vt 0.375 0.53125
vt 0.375 0.42578125
vt 0.388671875 0.42578125
vn 1 0 -2.220446049250313e-16
vn 2.220446049250313e-16 0 1
vn -1 0 2.220446049250313e-16
vn -2.220446049250313e-16 0 -1
vn 0 1 0
vn 0 -1 0
usemtl m_3
f 36/100/25 39/99/25 37/98/25 34/97/25
f 35/104/26 36/103/26 34/102/26 33/101/26
f 40/108/27 35/107/27 33/106/27 38/105/27
f 39/112/28 40/111/28 38/110/28 37/109/28
f 38/116/29 33/115/29 34/114/29 37/113/29
f 39/120/30 36/119/30 35/118/30 40/117/30
o cube
v 1.2000000000000002 0.2562499999999999 -0.8500000000000001
v 1.2000000000000002 0.2562499999999997 0.8500000000000001
v 1.2000000000000002 0.006249999999999958 -0.8500000000000001
v 1.2000000000000002 0.00624999999999975 0.8500000000000001
v 1.425 0.2562499999999997 0.8500000000000001
v 1.425 0.2562499999999999 -0.8500000000000001
v 1.425 0.006249999999999722 0.8500000000000001
v 1.425 0.00624999999999993 -0.8500000000000001
vt 0.1015625 0.22265625
vt 0.115234375 0.22265625
vt 0.115234375 0.20703125
vt 0.1015625 0.20703125
vt 0.44921875 0.6796875
vt 0.5546875 0.6796875
vt 0.5546875 0.6640625
vt 0.44921875 0.6640625
vt 0.26953125 0.22265625
vt 0.283203125 0.22265625
vt 0.283203125 0.20703125
vt 0.26953125 0.20703125
vt 0.44921875 0.6640625
vt 0.5546875 0.6640625
vt 0.5546875 0.6484375
vt 0.44921875 0.6484375
vt 0.404296875 0.42578125
vt 0.390625 0.42578125
vt 0.390625 0.53125
vt 0.404296875 0.53125
vt 0.419921875 0.53125
vt 0.40625 0.53125
vt 0.40625 0.42578125
vt 0.419921875 0.42578125
vn -1.4997597826618576e-32 -1.2246467991473532e-16 1
vn -1 1.2246467991473532e-16 0
vn 1.4997597826618576e-32 1.2246467991473532e-16 -1
vn 1 -1.2246467991473532e-16 0
vn 1.2246467991473532e-16 1 1.2246467991473532e-16
vn -1.2246467991473532e-16 -1 -1.2246467991473532e-16
usemtl m_3
f 44/124/31 47/123/31 45/122/31 42/121/31
f 43/128/32 44/127/32 42/126/32 41/125/32
f 48/132/33 43/131/33 41/130/33 46/129/33
f 47/136/34 48/135/34 46/134/34 45/133/34
f 46/140/35 41/139/35 42/138/35 45/137/35
f 47/144/36 44/143/36 43/142/36 48/141/36
o cube
v -1.372271824131503 0.2 0.9480077554195744
v -1.602081528017131 0.19999999999999998 1.177817459305202
v -1.372271824131503 -1.2580573175960132e-17 0.9480077554195744
v -1.602081528017131 -2.4238022320595563e-17 1.177817459305202
v -1.4606601717798213 0.19999999999999996 1.3192388155425117
v -1.2308504678941934 0.19999999999999998 1.089429111656884
v -1.4606601717798213 -4.155714344530543e-17 1.3192388155425117
v -1.2308504678941934 -2.9899694300669996e-17 1.089429111656884
vt 0.3203125 0.2109375
vt 0.33203125 0.2109375
vt 0.33203125 0.19921875
vt 0.3203125 0.19921875
vt 0.7734375 0.46484375
vt 0.79296875 0.46484375
vt 0.79296875 0.453125
vt 0.7734375 0.453125
vt 0.33203125 0.2109375
vt 0.34375 0.2109375
vt 0.34375 0.19921875
vt 0.33203125 0.19921875
vt 0.7734375 0.453125
vt 0.79296875 0.453125
vt 0.79296875 0.44140625
vt 0.7734375 0.44140625
vt 0.78515625 0.421875
vt 0.7734375 0.421875
vt 0.7734375 0.44140625
vt 0.78515625 0.44140625
vt 0.58203125 0.2265625
vt 0.5703125 0.2265625
vt 0.5703125 0.20703125
vt 0.58203125 0.20703125
vn -0.7071067811865476 -3.586907429118598e-17 0.7071067811865475
vn -0.7071067811865475 8.65956056235493e-17 -0.7071067811865476
vn 0.7071067811865476 3.586907429118598e-17 -0.7071067811865475
vn 0.7071067811865475 -8.65956056235493e-17 0.7071067811865476
vn 3.586907429118598e-17 1 8.65956056235493e-17
vn -3.586907429118598e-17 -1 -8.65956056235493e-17
usemtl m_3
f 52/148/37 55/147/37 53/146/37 50/145/37
f 51/152/38 52/151/38 50/150/38 49/149/38
f 56/156/39 51/155/39 49/154/39 54/153/39
f 55/160/40 56/159/40 54/158/40 53/157/40
f 54/164/41 49/163/41 50/162/41 53/161/41
f 55/168/42 52/167/42 51/166/42 56/165/42
o cube
v -1.2308504678941934 0.15 1.089429111656884
v -1.4606601717798213 0.14999999999999997 1.3192388155425117
v -1.2308504678941934 -2.9899694300669996e-17 1.089429111656884
v -1.4606601717798213 -4.155714344530543e-17 1.3192388155425117
v -1.3192388155425119 0.14999999999999997 1.4606601717798213
v -1.0894291116568842 0.15 1.2308504678941934
v -1.3192388155425119 -5.887626457001528e-17 1.4606601717798213
v -1.0894291116568842 -4.7218815425379855e-17 1.2308504678941934
vt 0.3046875 0.20703125
vt 0.31640625 0.20703125
vt 0.31640625 0.197265625
vt 0.3046875 0.197265625
vt 0.78125 0.25390625
vt 0.80078125 0.25390625
vt 0.80078125 0.244140625
vt 0.78125 0.244140625
vt 0.79296875 0.67578125
vt 0.8046875 0.67578125
vt 0.8046875 0.666015625
vt 0.79296875 0.666015625
vt 0.7734375 0.21875
vt 0.79296875 0.21875
vt 0.79296875 0.208984375
vt 0.7734375 0.208984375
vt 0.78515625 0.40234375
vt 0.7734375 0.40234375
vt 0.7734375 0.421875
vt 0.78515625 0.421875
vt 0.59375 0.2265625
vt 0.58203125 0.2265625
vt 0.58203125 0.20703125
vt 0.59375 0.20703125
vn -0.7071067811865476 -3.586907429118598e-17 0.7071067811865475
vn -0.7071067811865475 8.65956056235493e-17 -0.7071067811865476
vn 0.7071067811865476 3.586907429118598e-17 -0.7071067811865475
vn 0.7071067811865475 -8.65956056235493e-17 0.7071067811865476
vn 3.586907429118598e-17 1 8.65956056235493e-17
vn -3.586907429118598e-17 -1 -8.65956056235493e-17
usemtl m_3
f 60/172/43 63/171/43 61/170/43 58/169/43
f 59/176/44 60/175/44 58/174/44 57/173/44
f 64/180/45 59/179/45 57/178/45 62/177/45
f 63/184/46 64/183/46 62/182/46 61/181/46
f 62/188/47 57/187/47 58/186/47 61/185/47
f 63/192/48 60/191/48 59/190/48 64/189/48
o cube
v -1.056017029985563 0.7877082562299427 0.6317529612736345
v -1.285656693371486 0.9752082562299427 0.8613926246595575
v -1.3742150815195093 0.00828539282394787 0.9499510128075809
v -1.6038547449054326 0.19578539282394786 1.179590676193504
v -1.1442353371341762 0.9752082562299427 1.002813980896867
v -0.9145956737482533 0.7877082562299427 0.773174317510944
v -1.462433388668123 0.1957853928239478 1.3210120324308132
v -1.2327937252821997 0.008285392823947815 1.0913723690448904
vt 0.640625 0.58984375
vt 0.65234375 0.58984375
vt 0.65234375 0.533203125
vt 0.640625 0.533203125
vt 0.296875 0.484375
vt 0.3203125 0.484375
vt 0.3203125 0.427734375
vt 0.296875 0.427734375
vt 0.3828125 0.35546875
vt 0.39453125 0.35546875
vt 0.39453125 0.298828125
vt 0.3828125 0.298828125
vt 0.515625 0.53125
vt 0.5390625 0.53125
vt 0.5390625 0.474609375
vt 0.515625 0.474609375
vt 0.47265625 0.23046875
vt 0.4609375 0.23046875
vt 0.4609375 0.25390625
vt 0.47265625 0.25390625
vt 0.484375 0.25390625
vt 0.47265625 0.25390625
vt 0.47265625 0.23046875
vt 0.484375 0.23046875
vn -0.6123724356957945 0.5 0.6123724356957945
vn -0.7071067811865475 1.1102230246251563e-16 -0.7071067811865476
vn 0.6123724356957945 -0.5 -0.6123724356957945
vn 0.7071067811865475 -1.1102230246251563e-16 0.7071067811865476
vn 0.3535533905932738 0.8660254037844387 -0.35355339059327373
vn -0.3535533905932738 -0.8660254037844387 0.35355339059327373
usemtl m_3
f 68/196/49 71/195/49 69/194/49 66/193/49
f 67/200/50 68/199/50 66/198/50 65/197/50
f 72/204/51 67/203/51 65/202/51 70/201/51
f 71/208/52 72/207/52 70/206/52 69/205/52
f 70/212/53 65/211/53 66/210/53 69/209/53
f 71/216/54 68/215/54 67/214/54 72/213/54
o cube
v -1.0395927072779418 0.8308826568692788 0.8981713510406324
v -1.07161993010908 0.9999196764698658 0.9301985738717707
v -1.107893977467164 0.8050007523590267 0.9664726212298542
v -1.1399212002983021 0.9740377719596137 0.9984998440609926
v -0.9301985738717707 0.9999196764698657 1.07161993010908
v -0.8981713510406324 0.8308826568692786 1.0395927072779418
v -0.9984998440609927 0.9740377719596137 1.1399212002983021
v -0.9664726212298543 0.8050007523590267 1.1078939774671637
vt 0.796875 0.64453125
vt 0.80859375 0.64453125
vt 0.80859375 0.638671875
vt 0.796875 0.638671875
vt 0.3671875 0.203125
vt 0.37890625 0.203125
vt 0.37890625 0.197265625
vt 0.3671875 0.197265625
vt 0.796875 0.61328125
vt 0.80859375 0.61328125
vt 0.80859375 0.607421875
vt 0.796875 0.607421875
vt 0.796875 0.60546875
vt 0.80859375 0.60546875
vt 0.80859375 0.599609375
vt 0.796875 0.599609375
vt 0.5703125 0.19921875
vt 0.55859375 0.19921875
vt 0.55859375 0.2109375
vt 0.5703125 0.2109375
vt 0.765625 0.2109375
vt 0.75390625 0.2109375
vt 0.75390625 0.19921875
vt 0.765625 0.19921875
vn -0.1830127018922192 0.9659258262890683 0.18301270189221946
vn -0.7071067811865475 5.551115123125784e-17 -0.7071067811865476
vn 0.1830127018922192 -0.9659258262890683 -0.18301270189221946
vn 0.7071067811865475 -5.551115123125784e-17 0.7071067811865476
vn 0.6830127018922194 0.25881904510252063 -0.6830127018922194
vn -0.6830127018922194 -0.25881904510252063 0.6830127018922194
usemtl m_3
f 76/220/55 79/219/55 77/218/55 74/217/55
f 75/224/56 76/223/56 74/222/56 73/221/56
f 80/228/57 75/227/57 73/226/57 78/225/57
f 79/232/58 80/231/58 78/230/58 77/229/58
f 78/236/59 73/235/59 74/234/59 77/233/59
f 79/240/60 76/239/60 75/238/60 80/237/60
o cube
v -1.0370701608874122 0.8877082562299425 0.895648804650103
v -1.1442353371341762 0.9752082562299427 1.002813980896867
v -1.0724254999467397 0.8011057158514988 0.9310041437094304
v -1.1795906761935038 0.8886057158514988 1.0381693199561943
v -1.002813980896867 0.9752082562299427 1.1442353371341765
v -0.8956488046501028 0.8877082562299425 1.0370701608874124
v -1.0381693199561943 0.8886057158514988 1.179590676193504
v -0.9310041437094302 0.8011057158514988 1.07242549994674
vt 0.796875 0.59765625
vt 0.80859375 0.59765625
vt 0.80859375 0.591796875
vt 0.796875 0.591796875
vt 0.796875 0.55859375
vt 0.80859375 0.55859375
vt 0.80859375 0.552734375
vt 0.796875 0.552734375
vt 0.4453125 0.203125
vt 0.45703125 0.203125
vt 0.45703125 0.197265625
vt 0.4453125 0.197265625
vt 0.796875 0.55078125
vt 0.80859375 0.55078125
vt 0.80859375 0.544921875
vt 0.796875 0.544921875
vt 0.80078125 0.22265625
vt 0.7890625 0.22265625
vt 0.7890625 0.234375
vt 0.80078125 0.234375
vt 0.08203125 0.20703125
vt 0.0703125 0.20703125
vt 0.0703125 0.1953125
vt 0.08203125 0.1953125
vn -0.6123724356957945 0.5 0.6123724356957945
vn -0.7071067811865475 1.1102230246251563e-16 -0.7071067811865476
vn 0.6123724356957945 -0.5 -0.6123724356957945
vn 0.7071067811865475 -1.1102230246251563e-16 0.7071067811865476
vn 0.3535533905932738 0.8660254037844387 -0.35355339059327373
vn -0.3535533905932738 -0.8660254037844387 0.35355339059327373
usemtl m_3
f 84/244/61 87/243/61 85/242/61 82/241/61
f 83/248/62 84/247/62 82/246/62 81/245/62
f 88/252/63 83/251/63 81/250/63 86/249/63
f 87/256/64 88/255/64 86/254/64 85/253/64
f 86/260/65 81/259/65 82/258/65 85/257/65
f 87/264/66 84/263/66 83/262/66 88/261/66
o cube
v -0.8712064423799197 0.7412251096524736 0.4469423736679912
v -0.939836205589502 1.1034472945108742 0.5155721368775734
v -1.2127127933260295 0.6118155871012132 0.7884487246141009
v -1.2813425565356118 0.9740377719596138 0.857078487823683
v -0.7984148493521924 1.1034472945108742 0.6569934931148831
v -0.7297850861426103 0.7412251096524735 0.5883637299053008
v -1.1399212002983021 0.9740377719596137 0.9984998440609926
v -1.0712914370887199 0.6118155871012131 0.9298700808514104
vt 0.72265625 0.26953125
vt 0.734375 0.26953125
vt 0.734375 0.23828125
vt 0.72265625 0.23828125
vt 0.6171875 0.7578125
vt 0.640625 0.7578125
vt 0.640625 0.7265625
vt 0.6171875 0.7265625
vt 0.12890625 0.265625
vt 0.140625 0.265625
vt 0.140625 0.234375
vt 0.12890625 0.234375
vt 0.24609375 0.3828125
vt 0.26953125 0.3828125
vt 0.26953125 0.3515625
vt 0.24609375 0.3515625
vt 0.5234375 0.23046875
vt 0.51171875 0.23046875
vt 0.51171875 0.25390625
vt 0.5234375 0.25390625
vt 0.53515625 0.25390625
vt 0.5234375 0.25390625
vt 0.5234375 0.23046875
vt 0.53515625 0.23046875
vn -0.1830127018922192 0.9659258262890683 0.18301270189221946
vn -0.7071067811865475 5.551115123125784e-17 -0.7071067811865476
vn 0.1830127018922192 -0.9659258262890683 -0.18301270189221946
vn 0.7071067811865475 -5.551115123125784e-17 0.7071067811865476
vn 0.6830127018922194 0.25881904510252063 -0.6830127018922194
vn -0.6830127018922194 -0.25881904510252063 0.6830127018922194
usemtl m_3
f 92/268/67 95/267/67 93/266/67 90/265/67
f 91/272/68 92/271/68 90/270/68 89/269/68
f 96/276/69 91/275/69 89/274/69 94/273/69
f 95/280/70 96/279/70 94/278/70 93/277/70
f 94/284/71 89/283/71 90/282/71 93/281/71
f 95/288/72 92/287/72 91/286/72 96/285/72
o cube
v -0.5883637299053008 0.7412251096524735 0.7297850861426103
v -0.656993493114883 1.103447294510874 0.7984148493521925
v -0.9298700808514105 0.6118155871012131 1.0712914370887199
v -0.9984998440609927 0.9740377719596137 1.1399212002983021
v -0.5155721368775734 1.103447294510874 0.9398362055895021
v -0.4469423736679912 0.7412251096524733 0.8712064423799198
v -0.8570784878236831 0.9740377719596136 1.2813425565356118
v -0.788448724614101 0.611815587101213 1.2127127933260295
vt 0.140625 0.265625
vt 0.15234375 0.265625
vt 0.15234375 0.234375
vt 0.140625 0.234375
vt 0.6171875 0.7265625
vt 0.640625 0.7265625
vt 0.640625 0.6953125
vt 0.6171875 0.6953125
vt 0.734375 0.7734375
vt 0.74609375 0.7734375
vt 0.74609375 0.7421875
vt 0.734375 0.7421875
vt 0.6171875 0.6953125
vt 0.640625 0.6953125
vt 0.640625 0.6640625
vt 0.6171875 0.6640625
vt 0.546875 0.23046875
vt 0.53515625 0.23046875
vt 0.53515625 0.25390625
vt 0.546875 0.25390625
vt 0.55859375 0.25390625
vt 0.546875 0.25390625
vt 0.546875 0.23046875
vt 0.55859375 0.23046875
vn -0.1830127018922192 0.9659258262890683 0.18301270189221946
vn -0.7071067811865475 5.551115123125784e-17 -0.7071067811865476
vn 0.1830127018922192 -0.9659258262890683 -0.18301270189221946
vn 0.7071067811865475 -5.551115123125784e-17 0.7071067811865476
vn 0.6830127018922194 0.25881904510252063 -0.6830127018922194
vn -0.6830127018922194 -0.25881904510252063 0.6830127018922194
usemtl m_3
f 100/292/73 103/291/73 101/290/73 98/289/73
f 99/296/74 100/295/74 98/294/74 97/293/74
f 104/300/75 99/299/75 97/298/75 102/297/75
f 103/304/76 104/303/76 102/302/76 101/301/76
f 102/308/77 97/307/77 98/306/77 101/305/77
f 103/312/78 100/311/78 99/310/78 104/309/78
o cube
v -0.7366480624635684 0.7774473281383135 0.5952267062262591
v -0.7984148493521924 1.1034472945108742 0.6569934931148831
v -0.8390999677474014 0.7386244713729354 0.6976786115100919
v -0.9008667546360253 1.064624437745496 0.7594453983987159
v -0.656993493114883 1.103447294510874 0.7984148493521925
v -0.595226706226259 0.7774473281383135 0.7366480624635685
v -0.7594453983987158 1.0646244377454959 0.9008667546360253
v -0.6976786115100919 0.7386244713729354 0.8390999677474014
vt 0.79296875 0.6640625
vt 0.8046875 0.6640625
vt 0.8046875 0.654296875
vt 0.79296875 0.654296875
vt 0.77734375 0.35546875
vt 0.798828125 0.35546875
vt 0.798828125 0.345703125
vt 0.77734375 0.345703125
vt 0.37890625 0.20703125
vt 0.390625 0.20703125
vt 0.390625 0.197265625
vt 0.37890625 0.197265625
vt 0.3828125 0.21875
vt 0.404296875 0.21875
vt 0.404296875 0.208984375
vt 0.3828125 0.208984375
vt 0.76171875 0.361328125
vt 0.75 0.361328125
vt 0.75 0.3828125
vt 0.76171875 0.3828125
vt 0.76171875 0.359375
vt 0.75 0.359375
vt 0.75 0.337890625
vt 0.76171875 0.337890625
vn -0.1830127018922192 0.9659258262890683 0.18301270189221946
vn -0.7071067811865475 5.551115123125784e-17 -0.7071067811865476
vn 0.1830127018922192 -0.9659258262890683 -0.18301270189221946
vn 0.7071067811865475 -5.551115123125784e-17 0.7071067811865476
vn 0.6830127018922194 0.25881904510252063 -0.6830127018922194
vn -0.6830127018922194 -0.25881904510252063 0.6830127018922194
usemtl m_3
f 108/316/79 111/315/79 109/314/79 106/313/79
f 107/320/80 108/319/80 106/318/80 105/317/80
f 112/324/81 107/323/81 105/322/81 110/321/81
f 111/328/82 112/327/82 110/326/82 109/325/82
f 110/332/83 105/331/83 106/330/83 109/329/83
f 111/336/84 108/335/84 107/334/84 112/333/84
o cube
v -1.0022102839174727 0.8183012701892219 0.8607889276801634
v -1.1246847710566317 0.9183012701892219 0.9832634148193222
v -1.3204083354514191 0.03887840678322718 1.1789869792141099
v -1.442882822590578 0.13887840678322716 1.3014614663532686
v -0.983263414819322 0.9183012701892219 1.124684771056632
v -0.8607889276801631 0.8183012701892219 1.002210283917473
v -1.3014614663532684 0.13887840678322716 1.4428828225905783
v -1.1789869792141097 0.03887840678322718 1.3204083354514193
vt 0.51171875 0.3671875
vt 0.5234375 0.3671875
vt 0.5234375 0.310546875
vt 0.51171875 0.310546875
vt 0.5234375 0.3671875
vt 0.53515625 0.3671875
vt 0.53515625 0.310546875
vt 0.5234375 0.310546875
vt 0.6328125 0.40625
vt 0.64453125 0.40625
vt 0.64453125 0.349609375
vt 0.6328125 0.349609375
vt 0.63671875 0.5
vt 0.6484375 0.5
vt 0.6484375 0.443359375
vt 0.63671875 0.443359375
vt 0.80078125 0.86328125
vt 0.7890625 0.86328125
vt 0.7890625 0.875
vt 0.80078125 0.875
vt 0.80078125 0.86328125
vt 0.7890625 0.86328125
vt 0.7890625 0.8515625
vt 0.80078125 0.8515625
vn -0.6123724356957945 0.5 0.6123724356957945
vn -0.7071067811865475 1.1102230246251563e-16 -0.7071067811865476
vn 0.6123724356957945 -0.5 -0.6123724356957945
vn 0.7071067811865475 -1.1102230246251563e-16 0.7071067811865476
vn 0.3535533905932738 0.8660254037844387 -0.35355339059327373
vn -0.3535533905932738 -0.8660254037844387 0.35355339059327373
usemtl m_3
f 116/340/85 119/339/85 117/338/85 114/337/85
f 115/344/86 116/343/86 114/342/86 113/341/86
f 120/348/87 115/347/87 113/346/87 118/345/87
f 119/352/88 120/351/88 118/350/88 117/349/88
f 118/356/89 113/355/89 114/354/89 117/353/89
f 119/360/90 116/359/90 115/358/90 120/357/90
o cube
v -0.8525854468084823 0.8425222205808325 0.7111640905711727
v -0.889187987186926 1.035707385838646 0.7477666309496166
v -1.023338622281537 0.7778174593052023 0.8819172660442275
v -1.0599411626599808 0.9710026245630159 0.9185198064226714
v -0.7477666309496166 1.035707385838646 0.889187987186926
v -0.7111640905711728 0.8425222205808325 0.8525854468084821
v -0.9185198064226714 0.9710026245630159 1.0599411626599808
v -0.8819172660442276 0.7778174593052023 1.023338622281537
vt 0.2578125 0.21484375
vt 0.26953125 0.21484375
vt 0.26953125 0.19921875
vt 0.2578125 0.19921875
vt 0.78515625 0.71484375
vt 0.796875 0.71484375
vt 0.796875 0.69921875
vt 0.78515625 0.69921875
vt 0.78515625 0.69921875
vt 0.796875 0.69921875
vt 0.796875 0.68359375
vt 0.78515625 0.68359375
vt 0.78515625 0.65234375
vt 0.796875 0.65234375
vt 0.796875 0.63671875
vt 0.78515625 0.63671875
vt 0.80078125 0.875
vt 0.7890625 0.875
vt 0.7890625 0.88671875
vt 0.80078125 0.88671875
vt 0.12890625 0.2109375
vt 0.1171875 0.2109375
vt 0.1171875 0.19921875
vt 0.12890625 0.19921875
vn -0.1830127018922192 0.9659258262890683 0.18301270189221946
vn -0.7071067811865475 5.551115123125784e-17 -0.7071067811865476
vn 0.1830127018922192 -0.9659258262890683 -0.18301270189221946
vn 0.7071067811865475 -5.551115123125784e-17 0.7071067811865476
vn 0.6830127018922194 0.25881904510252063 -0.6830127018922194
vn -0.6830127018922194 -0.25881904510252063 0.6830127018922194
usemtl m_3
f 124/364/91 127/363/91 125/362/91 122/361/91
f 123/368/92 124/367/92 122/366/92 121/365/92
f 128/372/93 123/371/93 121/370/93 126/369/93
f 127/376/94 128/375/94 126/374/94 125/373/94
f 126/380/95 121/379/95 122/378/95 125/377/95
f 127/384/96 124/383/96 123/382/96 128/381/96
o cube
v 1.0271411585071826 0.7533632506088362 -0.8249999999999998
v 1.0271411585071826 0.753363250608836 0.8249999999999998
v 1.232353244502584 0.18954767813729123 -0.8249999999999998
v 1.232353244502584 0.18954767813729106 0.8249999999999998
v 1.2150796826643642 0.8217672792739698 0.8249999999999998
v 1.2150796826643642 0.82176727927397 -0.8249999999999998
v 1.4202917686597656 0.2579517068024248 0.8249999999999998
v 1.4202917686597656 0.257951706802425 -0.8249999999999998
vt 0 0.29296875
vt 0.01171875 0.29296875
vt 0.01171875 0.255859375
vt 0 0.255859375
vt 0 0.671875
vt 0.103515625 0.671875
vt 0.103515625 0.634765625
vt 0 0.634765625
vt 0.70703125 1
vt 0.71875 1
vt 0.71875 0.962890625
vt 0.70703125 0.962890625
vt 0.34375 0.7265625
vt 0.447265625 0.7265625
vt 0.447265625 0.689453125
vt 0.34375 0.689453125
vt 0.5390625 0.369140625
vt 0.52734375 0.369140625
vt 0.52734375 0.47265625
vt 0.5390625 0.47265625
vt 0.55078125 0.53125
vt 0.5390625 0.53125
vt 0.5390625 0.427734375
vt 0.55078125 0.427734375
vn 4.1885387376769936e-17 -1.1507915602278503e-16 1
vn -0.9396926207859083 -0.3420201433256689 6.162975822039156e-33
vn -4.1885387376769936e-17 1.1507915602278503e-16 -1
vn 0.9396926207859083 0.3420201433256689 -6.162975822039156e-33
vn -0.34202014332566893 0.9396926207859084 1.2246467991473535e-16
vn 0.34202014332566893 -0.9396926207859084 -1.2246467991473535e-16
usemtl m_3
f 132/388/97 135/387/97 133/386/97 130/385/97
f 131/392/98 132/391/98 130/390/98 129/389/98
f 136/396/99 131/395/99 129/394/99 134/393/99
f 135/400/100 136/399/100 134/398/100 133/397/100
f 134/404/101 129/403/101 130/402/101 133/401/101
f 135/408/102 132/407/102 131/406/102 136/405/102
o cube
v -1.027141158507183 0.753363250608836 0.8250000000000001
v -1.027141158507183 0.753363250608836 -0.8250000000000001
v -1.2323532445025842 0.1895476781372909 0.8250000000000001
v -1.2323532445025842 0.1895476781372909 -0.8250000000000001
v -1.2150796826643648 0.8217672792739698 -0.8250000000000001
v -1.2150796826643648 0.8217672792739698 0.8250000000000001
v -1.420291768659766 0.25795170680242463 -0.8250000000000001
v -1.420291768659766 0.25795170680242463 0.8250000000000001
vt 0.01171875 0.29296875
vt 0.0234375 0.29296875
vt 0.0234375 0.255859375
vt 0.01171875 0.255859375
vt 0.34375 0.6875
vt 0.447265625 0.6875
vt 0.447265625 0.650390625
vt 0.34375 0.650390625
vt 0.0234375 0.29296875
vt 0.03515625 0.29296875
vt 0.03515625 0.255859375
vt 0.0234375 0.255859375
vt 0.34375 0.6484375
vt 0.447265625 0.6484375
vt 0.447265625 0.611328125
vt 0.34375 0.611328125
vt 0.1875 0.353515625
vt 0.17578125 0.353515625
vt 0.17578125 0.45703125
vt 0.1875 0.45703125
vt 0.19921875 0.45703125
vt 0.1875 0.45703125
vt 0.1875 0.353515625
vt 0.19921875 0.353515625
vn 0 0 -1
vn 0.9396926207859084 -0.34202014332566866 0
vn 0 0 1
vn -0.9396926207859084 0.34202014332566866 0
vn 0.34202014332566866 0.9396926207859084 0
vn -0.34202014332566866 -0.9396926207859084 0
usemtl m_3
f 140/412/103 143/411/103 141/410/103 138/409/103
f 139/416/104 140/415/104 138/414/104 137/413/104
f 144/420/105 139/419/105 137/418/105 142/417/105
f 143/424/106 144/423/106 142/422/106 141/421/106
f 142/428/107 137/427/107 138/426/107 141/425/107
f 143/432/108 140/431/108 139/430/108 144/429/108
o cube
v 0.8250000000000001 0.753363250608836 -1.027141158507183
v 0.8250000000000001 0.8217672792739698 -1.2150796826643648
v 0.8250000000000001 0.1895476781372909 -1.2323532445025842
v 0.8250000000000001 0.25795170680242463 -1.420291768659766
v -0.8250000000000001 0.8217672792739698 -1.2150796826643648
v -0.8250000000000001 0.753363250608836 -1.027141158507183
v -0.8250000000000001 0.25795170680242463 -1.420291768659766
v -0.8250000000000001 0.1895476781372909 -1.2323532445025842
vt 0 0.6328125
vt 0.103515625 0.6328125
vt 0.103515625 0.595703125
vt 0 0.595703125
vt 0.03515625 0.29296875
vt 0.046875 0.29296875
vt 0.046875 0.255859375
vt 0.03515625 0.255859375
vt 0.10546875 0.6328125
vt 0.208984375 0.6328125
vt 0.208984375 0.595703125
vt 0.10546875 0.595703125
vt 0.046875 0.29296875
vt 0.05859375 0.29296875
vt 0.05859375 0.255859375
vt 0.046875 0.255859375
vt 0.591796875 0.7421875
vt 0.48828125 0.7421875
vt 0.48828125 0.75390625
vt 0.591796875 0.75390625
vt 0.599609375 0.984375
vt 0.49609375 0.984375
vt 0.49609375 0.97265625
vt 0.599609375 0.97265625
vn 0 0.34202014332566866 -0.9396926207859084
vn 1 0 0
vn 0 -0.34202014332566866 0.9396926207859084
vn -1 0 0
vn 0 0.9396926207859084 0.34202014332566866
vn 0 -0.9396926207859084 -0.34202014332566866
usemtl m_3
f 148/436/109 151/435/109 149/434/109 146/433/109
f 147/440/110 148/439/110 146/438/110 145/437/110
f 152/444/111 147/443/111 145/442/111 150/441/111
f 151/448/112 152/447/112 150/446/112 149/445/112
f 150/452/113 145/451/113 146/450/113 149/449/113
f 151/456/114 148/455/114 147/454/114 152/453/114
o cube
v -0.8249999999999998 0.7533632506088362 1.0271411585071826
v -0.8249999999999997 0.82176727927397 1.2150796826643642
v -0.8249999999999998 0.18954767813729126 1.232353244502584
v -0.8249999999999997 0.257951706802425 1.4202917686597656
v 0.825 0.8217672792739698 1.2150796826643642
v 0.8249999999999998 0.753363250608836 1.0271411585071826
v 0.825 0.2579517068024248 1.4202917686597656
v 0.8249999999999998 0.18954767813729104 1.232353244502584
vt 0.2109375 0.6328125
vt 0.314453125 0.6328125
vt 0.314453125 0.595703125
vt 0.2109375 0.595703125
vt 0.05859375 0.29296875
vt 0.0703125 0.29296875
vt 0.0703125 0.255859375
vt 0.05859375 0.255859375
vt 0.390625 1
vt 0.494140625 1
vt 0.494140625 0.962890625
vt 0.390625 0.962890625
vt 0.22265625 0.29296875
vt 0.234375 0.29296875
vt 0.234375 0.255859375
vt 0.22265625 0.255859375
vt 0.599609375 0.9609375
vt 0.49609375 0.9609375
vt 0.49609375 0.97265625
vt 0.599609375 0.97265625
vt 0.607421875 0.6171875
vt 0.50390625 0.6171875
vt 0.50390625 0.60546875
vt 0.607421875 0.60546875
vn 4.1885387376769936e-17 0.3420201433256689 0.9396926207859083
vn -1 1.2246467991473532e-16 6.162975822039156e-33
vn -4.1885387376769936e-17 -0.3420201433256689 -0.9396926207859083
vn 1 -1.2246467991473532e-16 -6.162975822039156e-33
vn 1.1507915602278505e-16 0.9396926207859084 -0.34202014332566893
vn -1.1507915602278505e-16 -0.9396926207859084 0.34202014332566893
usemtl m_3
f 156/460/115 159/459/115 157/458/115 154/457/115
f 155/464/116 156/463/116 154/462/116 153/461/116
f 160/468/117 155/467/117 153/466/117 158/465/117
f 159/472/118 160/471/118 158/470/118 157/469/118
f 158/476/119 153/475/119 154/474/119 157/473/119
f 159/480/120 156/479/120 155/478/120 160/477/120
o cube
v -1.075 0.6035881295504917 1.0715607715357849
v -1.075 0.6890931653819089 1.3064839267322619
v -1.075 0.21596492347630458 1.2126440806576233
v -1.075 0.30146995930772175 1.4475672358541
v -0.8249999999999998 0.6890931653819089 1.3064839267322619
v -0.8249999999999998 0.6035881295504917 1.0715607715357849
v -0.825 0.3014699593077217 1.4475672358541
v -0.825 0.21596492347630453 1.2126440806576233
vt 0.71875 0.57421875
vt 0.734375 0.57421875
vt 0.734375 0.548828125
vt 0.71875 0.548828125
vt 0.453125 0.28125
vt 0.46875 0.28125
vt 0.46875 0.255859375
vt 0.453125 0.255859375
vt 0.46875 0.28125
vt 0.484375 0.28125
vt 0.484375 0.255859375
vt 0.46875 0.255859375
vt 0.71875 0.46875
vt 0.734375 0.46875
vt 0.734375 0.443359375
vt 0.71875 0.443359375
vt 0.7734375 0.6875
vt 0.7578125 0.6875
vt 0.7578125 0.703125
vt 0.7734375 0.703125
vt 0.7734375 0.6875
vt 0.7578125 0.6875
vt 0.7578125 0.671875
vt 0.7734375 0.671875
vn 4.1885387376769936e-17 0.3420201433256689 0.9396926207859083
vn -1 1.2246467991473532e-16 6.162975822039156e-33
vn -4.1885387376769936e-17 -0.3420201433256689 -0.9396926207859083
vn 1 -1.2246467991473532e-16 -6.162975822039156e-33
vn 1.1507915602278505e-16 0.9396926207859084 -0.34202014332566893
vn -1.1507915602278505e-16 -0.9396926207859084 0.34202014332566893
usemtl m_3
f 164/484/121 167/483/121 165/482/121 162/481/121
f 163/488/122 164/487/122 162/486/122 161/485/122
f 168/492/123 163/491/123 161/490/123 166/489/123
f 167/496/124 168/495/124 166/494/124 165/493/124
f 166/500/125 161/499/125 162/498/125 165/497/125
f 167/504/126 164/503/126 163/502/126 168/501/126
o cube
v 0.8249999999999998 0.6035881295504915 1.0715607715357849
v 0.8249999999999998 0.6890931653819087 1.3064839267322619
v 0.8249999999999998 0.21596492347630433 1.2126440806576233
v 0.8249999999999998 0.30146995930772147 1.4475672358541
v 1.0749999999999997 0.6890931653819087 1.3064839267322619
v 1.0749999999999997 0.6035881295504915 1.0715607715357849
v 1.0749999999999997 0.30146995930772147 1.4475672358541
v 1.0749999999999997 0.2159649234763043 1.2126440806576233
vt 0.71875 0.44140625
vt 0.734375 0.44140625
vt 0.734375 0.416015625
vt 0.71875 0.416015625
vt 0.71875 0.375
vt 0.734375 0.375
vt 0.734375 0.349609375
vt 0.71875 0.349609375
vt 0.71875 0.34765625
vt 0.734375 0.34765625
vt 0.734375 0.322265625
vt 0.71875 0.322265625
vt 0.3046875 0.27734375
vt 0.3203125 0.27734375
vt 0.3203125 0.251953125
vt 0.3046875 0.251953125
vt 0.7734375 0.625
vt 0.7578125 0.625
vt 0.7578125 0.640625
vt 0.7734375 0.640625
vt 0.7734375 0.625
vt 0.7578125 0.625
vt 0.7578125 0.609375
vt 0.7734375 0.609375
vn 4.1885387376769936e-17 0.3420201433256689 0.9396926207859083
vn -1 1.2246467991473532e-16 6.162975822039156e-33
vn -4.1885387376769936e-17 -0.3420201433256689 -0.9396926207859083
vn 1 -1.2246467991473532e-16 -6.162975822039156e-33
vn 1.1507915602278505e-16 0.9396926207859084 -0.34202014332566893
vn -1.1507915602278505e-16 -0.9396926207859084 0.34202014332566893
usemtl m_3
f 172/508/127 175/507/127 173/506/127 170/505/127
f 171/512/128 172/511/128 170/510/128 169/509/128
f 176/516/129 171/515/129 169/514/129 174/513/129
f 175/520/130 176/519/130 174/518/130 173/517/130
f 174/524/131 169/523/131 170/522/131 173/521/131
f 175/528/132 172/527/132 171/526/132 176/525/132
o cube
v 1.3 0.6875 -0.8250000000000001
v 1.3 0.6875 -0.925
v 1.3 0.5875 -0.8250000000000001
v 1.3 0.5875 -0.925
v -1.3 0.6875 -0.925
v -1.3 0.6875 -0.8250000000000001
v -1.3 0.5875 -0.925
v -1.3 0.5875 -0.8250000000000001
vt 0.578125 0.8046875
vt 0.740234375 0.8046875
vt 0.740234375 0.798828125
vt 0.578125 0.798828125
vt 0.45703125 0.30078125
vt 0.462890625 0.30078125
vt 0.462890625 0.294921875
vt 0.45703125 0.294921875
vt 0.578125 0.796875
vt 0.740234375 0.796875
vt 0.740234375 0.791015625
vt 0.578125 0.791015625
vt 0.52734375 0.30078125
vt 0.533203125 0.30078125
vt 0.533203125 0.294921875
vt 0.52734375 0.294921875
vt 0.740234375 0.783203125
vt 0.578125 0.783203125
vt 0.578125 0.7890625
vt 0.740234375 0.7890625
vt 0.740234375 0.78125
vt 0.578125 0.78125
vt 0.578125 0.775390625
vt 0.740234375 0.775390625
vn 0 0 -1
vn 1 0 0
vn 0 0 1
vn -1 0 0
vn 0 1 0
vn 0 -1 0
usemtl m_3
f 180/532/133 183/531/133 181/530/133 178/529/133
f 179/536/134 180/535/134 178/534/134 177/533/134
f 184/540/135 179/539/135 177/538/135 182/537/135
f 183/544/136 184/543/136 182/542/136 181/541/136
f 182/548/137 177/547/137 178/546/137 181/545/137
f 183/552/138 180/551/138 179/550/138 184/549/138
o cube
v -1.3 0.6875 0.8250000000000002
v -1.3 0.6875 0.9250000000000002
v -1.3 0.5875 0.8250000000000002
v -1.3 0.5875 0.9250000000000002
v 1.3 0.6874999999999998 0.9250000000000002
v 1.3 0.6874999999999998 0.8250000000000002
v 1.3 0.5874999999999998 0.9250000000000002
v 1.3 0.5874999999999998 0.8250000000000002
vt 0.578125 0.8359375
vt 0.740234375 0.8359375
vt 0.740234375 0.830078125
vt 0.578125 0.830078125
vt 0.375 0.30859375
vt 0.380859375 0.30859375
vt 0.380859375 0.302734375
vt 0.375 0.302734375
vt 0.578125 0.828125
vt 0.740234375 0.828125
vt 0.740234375 0.822265625
vt 0.578125 0.822265625
vt 0.52734375 0.30859375
vt 0.533203125 0.30859375
vt 0.533203125 0.302734375
vt 0.52734375 0.302734375
vt 0.740234375 0.814453125
vt 0.578125 0.814453125
vt 0.578125 0.8203125
vt 0.740234375 0.8203125
vt 0.740234375 0.8125
vt 0.578125 0.8125
vt 0.578125 0.806640625
vt 0.740234375 0.806640625
vn -1.4997597826618576e-32 -1.2246467991473532e-16 1
vn -1 1.2246467991473532e-16 0
vn 1.4997597826618576e-32 1.2246467991473532e-16 -1
vn 1 -1.2246467991473532e-16 0
vn 1.2246467991473532e-16 1 1.2246467991473532e-16
vn -1.2246467991473532e-16 -1 -1.2246467991473532e-16
usemtl m_3
f 188/556/139 191/555/139 189/554/139 186/553/139
f 187/560/140 188/559/140 186/558/140 185/557/140
f 192/564/141 187/563/141 185/562/141 190/561/141
f 191/568/142 192/567/142 190/566/142 189/565/142
f 190/572/143 185/571/143 186/570/143 189/569/143
f 191/576/144 188/575/144 187/574/144 192/573/144
o cube
v 1.1 0.78125 1.1
v 1.1 0.78125 -1.1
v 1.1 0.68125 1.1
v 1.1 0.68125 -1.1
v -1.1 0.78125 -1.1
v -1.1 0.78125 1.1
v -1.1 0.68125 -1.1
v -1.1 0.68125 1.1
vt 0.578125 0.7734375
vt 0.71484375 0.7734375
vt 0.71484375 0.767578125
vt 0.578125 0.767578125
vt 0.578125 0.765625
vt 0.71484375 0.765625
vt 0.71484375 0.759765625
vt 0.578125 0.759765625
vt 0.58203125 0.60546875
vt 0.71875 0.60546875
vt 0.71875 0.599609375
vt 0.58203125 0.599609375
vt 0.58203125 0.59765625
vt 0.71875 0.59765625
vt 0.71875 0.591796875
vt 0.58203125 0.591796875
vt 0.30078125 0.86328125
vt 0.1640625 0.86328125
vt 0.1640625 1
vt 0.30078125 1
vt 0.30078125 0.86328125
vt 0.1640625 0.86328125
vt 0.1640625 0.7265625
vt 0.30078125 0.7265625
vn 0 0 -1
vn 1 0 0
vn 0 0 1
vn -1 0 0
vn 0 1 0
vn 0 -1 0
usemtl m_3
f 196/580/145 199/579/145 197/578/145 194/577/145
f 195/584/146 196/583/146 194/582/146 193/581/146
f 200/588/147 195/587/147 193/586/147 198/585/147
f 199/592/148 200/591/148 198/590/148 197/589/148
f 198/596/149 193/595/149 194/594/149 197/593/149
f 199/600/150 196/599/150 195/598/150 200/597/150
o cube
v 1.3125 0.10312500000000002 1.3125
v 1.3125 0.10312500000000002 -1.3125
v 1.3125 0.009375000000000045 1.3125
v 1.3125 0.009375000000000045 -1.3125
v -1.3125 0.10312500000000002 -1.3125
v -1.3125 0.10312500000000002 1.3125
v -1.3125 0.009375000000000045 -1.3125
v -1.3125 0.009375000000000045 1.3125
vt 0.5625 0.53125
